5.807127882599580904e-01
4.746716697936210205e-01
5.394130806685090151e-01
5.731186730089035120e-01
4.892002335084646991e-01
5.234204793028321978e-01
4.976677430929314916e-01
4.930107916274353852e-01
5.253915519696250591e-01
4.961854037714121257e-01
5.079432025868129141e-01
5.182049693716016536e-01
4.917961376506461701e-01
5.412844036697247452e-01
5.130434782608696009e-01
5.044949387697317267e-01
4.891629570167116414e-01
4.938905357530185558e-01
5.111390460227669408e-01
4.869163673678809645e-01
5.310196971727187965e-01
5.201864418397422751e-01
4.950587895837841867e-01
4.874048037492677010e-01
5.011046967429263477e-01
4.835091861580461670e-01
5.088753244930891428e-01
4.818269301946850325e-01
5.134834584375869149e-01
4.922385028289569253e-01
