2.626372483072571456e+06
2.208444636618110817e+06
2.427012144616900943e+06
2.588132422600219026e+06
2.306901609810942784e+06
2.436552361388292164e+06
2.325264590884547681e+06
2.327104345925857779e+06
2.476162078958036378e+06
2.329200108551593497e+06
2.392226311232842971e+06
2.430916902887194883e+06
2.321010487569893710e+06
2.537040601395009086e+06
2.395127584976208396e+06
2.377760977873645723e+06
2.303391136792927515e+06
2.324741157881993335e+06
2.396915022872921545e+06
2.296150436270150356e+06
2.502337720749551430e+06
2.442025402828443795e+06
2.331312848005176056e+06
2.297583303644543514e+06
2.362117600356395822e+06
2.281789663046712521e+06
2.395250065451820847e+06
2.278458343909385148e+06
2.392538230659407564e+06
2.317196253700839356e+06
